[gd_scene load_steps=5 format=3 uid="uid://b5uy0eee37hng"]

[sub_resource type="StandardMaterial3D" id="StandardMaterial3D_oqevq"]
albedo_color = Color(0.38, 0.242187, 0.1368, 1)

[sub_resource type="ProceduralSkyMaterial" id="ProceduralSkyMaterial_ayknc"]
sky_horizon_color = Color(0.64625, 0.65575, 0.67075, 1)
ground_horizon_color = Color(0.64625, 0.65575, 0.67075, 1)

[sub_resource type="Sky" id="Sky_m4rq3"]
sky_material = SubResource("ProceduralSkyMaterial_ayknc")

[sub_resource type="Environment" id="Environment_5j31v"]
background_mode = 1
background_color = Color(0.12, 0.07752, 0.0492, 1)
sky = SubResource("Sky_m4rq3")
tonemap_mode = 2
glow_enabled = true

[node name="Floor" type="CSGBox3D" groups=["Lose"]]
transform = Transform3D(1, 0, 0, 0, 1, 0, 0, 0, 1, 0, -4, 0)
use_collision = true
size = Vector3(30, 8, 5)
material = SubResource("StandardMaterial3D_oqevq")

[node name="Wall" type="CSGBox3D" parent="."]
transform = Transform3D(0.970959, 0.239245, 0, -0.239245, 0.970959, 0, 0, 0, 1, 14.2411, 6.25983, 0)
size = Vector3(3, 6, 3)
material = SubResource("StandardMaterial3D_oqevq")

[node name="Wall7" type="CSGBox3D" parent="."]
transform = Transform3D(-0.636303, 0.200064, 0.745045, 0.29994, 0.953958, 4.54803e-09, -0.710742, 0.223469, -0.667014, -14.1027, 6.62581, 0)
size = Vector3(3, 6, 3)
material = SubResource("StandardMaterial3D_oqevq")

[node name="Wall2" type="CSGBox3D" parent="."]
transform = Transform3D(0.533246, -0.845961, 0, 0.845961, 0.533246, 0, 0, 0, 1, 10.584, 11.9508, 0.15191)
size = Vector3(3, 6, 3)
material = SubResource("StandardMaterial3D_oqevq")

[node name="Wall3" type="CSGBox3D" parent="."]
transform = Transform3D(-0.295591, -0.955315, 0, 0.955315, -0.295591, 0, 0, 0, 1, 6.19986, 13.2749, 0.276301)
size = Vector3(3, 6, 3)
material = SubResource("StandardMaterial3D_oqevq")

[node name="Wall4" type="CSGBox3D" parent="."]
transform = Transform3D(-0.70005, -0.714094, 0, 0.714094, -0.70005, 0, 0, 0, 1, 2.14855, 15.1729, -0.00163937)
size = Vector3(3, 6, 3)
material = SubResource("StandardMaterial3D_oqevq")

[node name="Wall5" type="CSGBox3D" parent="."]
transform = Transform3D(-0.0725641, -0.993358, 0.0892941, 0.997343, -0.0728551, 0, 0.00650553, 0.0890568, 0.996005, -5.78809, 13.2937, 0)
size = Vector3(3, 10.5752, 3)
material = SubResource("StandardMaterial3D_oqevq")

[node name="Wall6" type="CSGBox3D" parent="."]
transform = Transform3D(-0.756584, -0.650841, 0.0631361, 0.653864, -0.753972, 0.0631449, 0.00650553, 0.0890568, 0.996005, -12.8892, 12.5217, 0)
size = Vector3(3, 10.5752, 3)
material = SubResource("StandardMaterial3D_oqevq")

[node name="Rock" type="CSGBox3D" parent="."]
transform = Transform3D(-0.902509, -0.428397, 0.0441996, 0.430622, -0.899191, 0.0775876, 0.00650553, 0.0890568, 0.996006, -11.4356, 5.33999, 8.55143)
size = Vector3(5, 10.575, 3)
material = SubResource("StandardMaterial3D_oqevq")

[node name="Rock2" type="CSGBox3D" parent="."]
transform = Transform3D(-0.573627, -0.815521, 0.0766658, 0.819091, -0.571834, 0.04578, 0.00650553, 0.0890569, 0.996006, -5.28798, 5.33999, 8.55143)
size = Vector3(5, 10.575, 3)
material = SubResource("StandardMaterial3D_oqevq")

[node name="Rock3" type="CSGBox3D" parent="."]
transform = Transform3D(-0.890483, -0.452656, 0.0462901, 0.45497, -0.887227, 0.0763588, 0.00650553, 0.0890569, 0.996006, 2.47799, 5.93358, 8.55143)
size = Vector3(5, 10.575, 3)
material = SubResource("StandardMaterial3D_oqevq")

[node name="Rock4" type="CSGBox3D" parent="."]
transform = Transform3D(-0.420515, 0.90392, -0.0780765, -0.907263, -0.418327, 0.0433302, 0.00650553, 0.0890569, 0.996006, 11.9334, 5.93358, 8.55143)
size = Vector3(5, 10.575, 3)
material = SubResource("StandardMaterial3D_oqevq")

[node name="DirectionalLight3D" type="DirectionalLight3D" parent="."]
transform = Transform3D(-0.999816, -0.0123398, 0.0147061, -0.0027895, 0.851298, 0.524675, -0.0189936, 0.524537, -0.851175, 0, 3.7724, -13.151)
light_energy = 0.5
shadow_enabled = true

[node name="WorldEnvironment" type="WorldEnvironment" parent="."]
environment = SubResource("Environment_5j31v")

[node name="OmniLight3D" type="OmniLight3D" parent="."]
transform = Transform3D(1, 0, 0, 0, 1, 0, 0, 0, 1, 9.7675, 6.59151, 4.12775)
omni_range = 12.0
omni_attenuation = 0.31

[node name="OmniLight3D2" type="OmniLight3D" parent="."]
transform = Transform3D(1, 0, 0, 0, 1, 0, 0, 0, 1, -0.0883703, 7.56582, 3.59067)
omni_range = 12.0
omni_attenuation = 0.31

[node name="OmniLight3D3" type="OmniLight3D" parent="."]
transform = Transform3D(1, 0, 0, 0, 1, 0, 0, 0, 1, -11.4105, 6.74274, 3.7481)
omni_range = 12.0
omni_attenuation = 0.31
